480,490,505,482
490,507,515,505
507,519,536,515
519,534,548,536
534,542,563,548
542,559,575,563
559,567,590,575
567,581,606,590
581,588,615,606
482,505,509,486
505,515,529,509
515,536,544,529
536,548,561,544
548,563,579,561
563,575,596,579
575,590,611,596
590,606,623,611
606,615,632,623
486,509,513,488
509,529,538,513
529,544,556,538
544,561,571,556
561,579,594,571
579,596,609,594
596,611,627,609
611,623,638,627
623,632,649,638
488,513,517,492
513,538,540,517
538,556,565,540
556,571,586,565
571,594,602,586
594,609,619,602
609,627,636,619
627,638,647,636
638,649,660,647
492,517,523,494
517,540,546,523
540,565,569,546
565,586,592,569
586,602,613,592
602,619,630,613
619,636,645,630
636,647,658,645
647,660,666,658
494,523,525,498
523,546,550,525
546,569,573,550
569,592,598,573
592,613,617,598
613,630,634,617
630,645,651,634
645,658,662,651
658,666,671,662
498,525,527,500
525,550,552,527
550,573,577,552
573,598,600,577
598,617,621,600
617,634,640,621
634,651,653,640
651,662,664,653
662,671,673,664
500,527,531,502
527,552,554,531
552,577,583,554
577,600,604,583
600,621,625,604
621,640,642,625
640,653,655,642
653,664,668,655
664,673,675,668
502,531,532,503
531,554,557,532
554,583,584,557
583,604,607,584
604,625,628,607
625,642,643,628
642,655,656,643
655,668,669,656
668,675,676,669
198,186,215,231
186,171,206,215
171,157,204,206
157,144,202,204
144,136,200,202
136,119,194,200
119,111,182,194
111,99,167,182
99,90,159,167
231,215,245,262
215,206,243,245
206,204,241,243
204,202,239,241
202,200,237,239
200,194,235,237
194,182,233,235
182,167,225,233
167,159,208,225
262,245,282,299
245,243,280,282
243,241,278,280
241,239,276,278
239,237,274,276
237,235,272,274
235,233,270,272
233,225,268,270
225,208,266,268
299,282,319,336
282,280,317,319
280,278,315,317
278,276,313,315
276,274,311,313
274,272,309,311
272,270,307,309
270,268,305,307
268,266,303,305
336,319,359,340
319,317,361,359
317,315,363,361
315,313,365,363
313,311,367,365
311,309,369,367
309,307,371,369
307,305,373,371
305,303,375,373
340,359,396,377
359,361,398,396
361,363,400,398
363,365,402,400
365,367,404,402
367,369,406,404
369,371,408,406
371,373,410,408
373,375,412,410
377,396,433,414
396,398,435,433
398,400,437,435
400,402,439,437
402,404,441,439
404,406,443,441
406,408,445,443
408,410,455,445
410,412,470,455
414,433,463,447
433,435,472,463
435,437,474,472
437,439,476,474
439,441,478,476
441,443,484,478
443,445,496,484
445,455,511,496
455,470,521,511
447,463,490,480
463,472,507,490
472,474,519,507
474,476,534,519
476,478,542,534
478,484,559,542
484,496,567,559
496,511,581,567
511,521,588,581
90,99,74,63
99,111,88,74
111,119,103,88
119,136,115,103
136,144,130,115
144,157,142,130
157,171,163,142
171,186,173,163
186,198,196,173
63,74,55,46
74,88,67,55
88,103,82,67
103,115,97,82
115,130,117,97
130,142,134,117
142,163,149,134
163,173,169,149
173,196,192,169
46,55,40,29
55,67,51,40
67,82,69,51
82,97,84,69
97,117,107,84
117,134,122,107
134,149,140,122
149,169,165,140
169,192,190,165
29,40,31,18
40,51,42,31
51,69,59,42
69,84,76,59
84,107,92,76
107,122,113,92
122,140,138,113
140,165,161,138
165,190,188,161
18,31,21,12
31,42,33,21
42,59,48,33
59,76,65,48
76,92,86,65
92,113,109,86
113,138,132,109
138,161,155,132
161,188,184,155
12,21,16,7
21,33,27,16
33,48,44,27
48,65,61,44
65,86,80,61
86,109,105,80
109,132,128,105
132,155,153,128
155,184,180,153
7,16,14,5
16,27,25,14
27,44,38,25
44,61,57,38
61,80,78,57
80,105,101,78
105,128,126,101
128,153,151,126
153,180,178,151
5,14,10,3
14,25,23,10
25,38,36,23
38,57,53,36
57,78,72,53
78,101,95,72
101,126,124,95
126,151,147,124
151,178,176,147
3,10,8,1
10,23,19,8
23,36,34,19
36,53,49,34
53,72,70,49
72,95,93,70
95,124,120,93
124,147,145,120
147,176,174,145
174,176,211,209
176,178,213,211
178,180,217,213
180,184,219,217
184,188,221,219
188,190,223,221
190,192,227,223
192,196,229,227
196,198,231,229
209,211,248,246
211,213,250,248
213,217,252,250
217,219,254,252
219,221,256,254
221,223,258,256
223,227,260,258
227,229,264,260
229,231,262,264
246,248,285,283
248,250,287,285
250,252,289,287
252,254,291,289
254,256,293,291
256,258,295,293
258,260,297,295
260,264,301,297
264,262,299,301
283,285,322,320
285,287,324,322
287,289,326,324
289,291,328,326
291,293,330,328
293,295,332,330
295,297,334,332
297,301,338,334
301,299,336,338
320,322,357,355
322,324,354,357
324,326,352,354
326,328,350,352
328,330,348,350
330,332,346,348
332,334,344,346
334,338,342,344
338,336,340,342
355,357,393,394
357,354,391,393
354,352,389,391
352,350,387,389
350,348,385,387
348,346,383,385
346,344,381,383
344,342,379,381
342,340,377,379
394,393,430,431
393,391,428,430
391,389,426,428
389,387,424,426
387,385,422,424
385,383,420,422
383,381,418,420
381,379,416,418
379,377,414,416
431,430,467,468
430,428,465,467
428,426,461,465
426,424,459,461
424,422,457,459
422,420,453,457
420,418,451,453
418,416,449,451
416,414,447,449
468,467,502,503
467,465,500,502
465,461,498,500
461,459,494,498
459,457,492,494
457,453,488,492
453,451,486,488
451,449,482,486
449,447,480,482
479,489,504,481
489,506,514,504
506,518,535,514
518,533,547,535
533,541,562,547
541,558,574,562
558,566,589,574
566,580,605,589
580,587,614,605
481,504,508,485
504,514,528,508
514,535,543,528
535,547,560,543
547,562,578,560
562,574,595,578
574,589,610,595
589,605,622,610
605,614,631,622
485,508,512,487
508,528,537,512
528,543,555,537
543,560,570,555
560,578,593,570
578,595,608,593
595,610,626,608
610,622,637,626
622,631,648,637
487,512,516,491
512,537,539,516
537,555,564,539
555,570,585,564
570,593,601,585
593,608,618,601
608,626,635,618
626,637,646,635
637,648,659,646
491,516,522,493
516,539,545,522
539,564,568,545
564,585,591,568
585,601,612,591
601,618,629,612
618,635,644,629
635,646,657,644
646,659,665,657
493,522,524,497
522,545,549,524
545,568,572,549
568,591,597,572
591,612,616,597
612,629,633,616
629,644,650,633
644,657,661,650
657,665,670,661
497,524,526,499
524,549,551,526
549,572,576,551
572,597,599,576
597,616,620,599
616,633,639,620
633,650,652,639
650,661,663,652
661,670,672,663
499,526,530,501
526,551,553,530
551,576,582,553
576,599,603,582
599,620,624,603
620,639,641,624
639,652,654,641
652,663,667,654
663,672,674,667
501,530,532,503
530,553,557,532
553,582,584,557
582,603,607,584
603,624,628,607
624,641,643,628
641,654,656,643
654,667,669,656
667,674,676,669
197,185,214,230
185,170,205,214
170,156,203,205
156,143,201,203
143,135,199,201
135,118,193,199
118,110,181,193
110,98,166,181
98,89,158,166
230,214,244,261
214,205,242,244
205,203,240,242
203,201,238,240
201,199,236,238
199,193,234,236
193,181,232,234
181,166,224,232
166,158,207,224
261,244,281,298
244,242,279,281
242,240,277,279
240,238,275,277
238,236,273,275
236,234,271,273
234,232,269,271
232,224,267,269
224,207,265,267
298,281,318,335
281,279,316,318
279,277,314,316
277,275,312,314
275,273,310,312
273,271,308,310
271,269,306,308
269,267,304,306
267,265,302,304
335,318,358,339
318,316,360,358
316,314,362,360
314,312,364,362
312,310,366,364
310,308,368,366
308,306,370,368
306,304,372,370
304,302,374,372
339,358,395,376
358,360,397,395
360,362,399,397
362,364,401,399
364,366,403,401
366,368,405,403
368,370,407,405
370,372,409,407
372,374,411,409
376,395,432,413
395,397,434,432
397,399,436,434
399,401,438,436
401,403,440,438
403,405,442,440
405,407,444,442
407,409,454,444
409,411,469,454
413,432,462,446
432,434,471,462
434,436,473,471
436,438,475,473
438,440,477,475
440,442,483,477
442,444,495,483
444,454,510,495
454,469,520,510
446,462,489,479
462,471,506,489
471,473,518,506
473,475,533,518
475,477,541,533
477,483,558,541
483,495,566,558
495,510,580,566
510,520,587,580
89,98,73,62
98,110,87,73
110,118,102,87
118,135,114,102
135,143,129,114
143,156,141,129
156,170,162,141
170,185,172,162
185,197,195,172
62,73,54,45
73,87,66,54
87,102,81,66
102,114,96,81
114,129,116,96
129,141,133,116
141,162,148,133
162,172,168,148
172,195,191,168
45,54,39,28
54,66,50,39
66,81,68,50
81,96,83,68
96,116,106,83
116,133,121,106
133,148,139,121
148,168,164,139
168,191,189,164
28,39,30,17
39,50,41,30
50,68,58,41
68,83,75,58
83,106,91,75
106,121,112,91
121,139,137,112
139,164,160,137
164,189,187,160
17,30,20,11
30,41,32,20
41,58,47,32
58,75,64,47
75,91,85,64
91,112,108,85
112,137,131,108
137,160,154,131
160,187,183,154
11,20,15,6
20,32,26,15
32,47,43,26
47,64,60,43
64,85,79,60
85,108,104,79
108,131,127,104
131,154,152,127
154,183,179,152
6,15,13,4
15,26,24,13
26,43,37,24
43,60,56,37
60,79,77,56
79,104,100,77
104,127,125,100
127,152,150,125
152,179,177,150
4,13,9,2
13,24,22,9
24,37,35,22
37,56,52,35
56,77,71,52
77,100,94,71
100,125,123,94
125,150,146,123
150,177,175,146
2,9,8,1
9,22,19,8
22,35,34,19
35,52,49,34
52,71,70,49
71,94,93,70
94,123,120,93
123,146,145,120
146,175,174,145
174,175,210,209
175,177,212,210
177,179,216,212
179,183,218,216
183,187,220,218
187,189,222,220
189,191,226,222
191,195,228,226
195,197,230,228
209,210,247,246
210,212,249,247
212,216,251,249
216,218,253,251
218,220,255,253
220,222,257,255
222,226,259,257
226,228,263,259
228,230,261,263
246,247,284,283
247,249,286,284
249,251,288,286
251,253,290,288
253,255,292,290
255,257,294,292
257,259,296,294
259,263,300,296
263,261,298,300
283,284,321,320
284,286,323,321
286,288,325,323
288,290,327,325
290,292,329,327
292,294,331,329
294,296,333,331
296,300,337,333
300,298,335,337
320,321,356,355
321,323,353,356
323,325,351,353
325,327,349,351
327,329,347,349
329,331,345,347
331,333,343,345
333,337,341,343
337,335,339,341
355,356,392,394
356,353,390,392
353,351,388,390
351,349,386,388
349,347,384,386
347,345,382,384
345,343,380,382
343,341,378,380
341,339,376,378
394,392,429,431
392,390,427,429
390,388,425,427
388,386,423,425
386,384,421,423
384,382,419,421
382,380,417,419
380,378,415,417
378,376,413,415
431,429,466,468
429,427,464,466
427,425,460,464
425,423,458,460
423,421,456,458
421,419,452,456
419,417,450,452
417,415,448,450
415,413,446,448
468,466,501,503
466,464,499,501
464,460,497,499
460,458,493,497
458,456,491,493
456,452,487,491
452,450,485,487
450,448,481,485
448,446,479,481
